1.6049211204404586
-4.326873008814333
0.02781860351971653
-3.930657096234851
-0.3915795603061448
-0.2639300470071861
0.9583000586280078
2.629857375307102
0.1878233060192479
0.8339316974788015
0.6626373656141894
3.1705614913683964
-1.4377229486213277
-2.3347462871387985
-0.5776953001546541
-0.6043625299347525
9.471166861907758
-0.43855131315185636
0.4352574245658508
0.32534297804325274
-2.755402647776181
0.7447799782376364
3.614436861377664
0.1829873222871105
-0.6491683708188448
-0.03840563246849051
0.865654019325427
2.738290840220641
-0.4902585141378582
0.5326103347451449
-8.06583871444109
-0.007035894557721544
-0.8215207015740603
1.000557746260641
-0.2419234504585763
0.11790091073188684
-0.7973069969915064
0.5742673945296608
-1.191407701502213
-1.2873003531261076
-0.3211280295019947
-1.1140390058335146
-0.24414900120533312
20.576277383870064
-1.849234861309171
0.590896012675586
-1.6626246388880683
-4.522365878240132
2.6859469174947987
-9.200139101653928
-17.633348385473617
-0.21234091854297804
0.07939030853055908
-1.1999215197172775
-0.034651769772729955
1.11090304742078
-0.9757742998173892
3.4035656922357753
0.05410341758859467
-0.49599534694289893
-0.8135294919294204
-1.9893519548471221
0.1959265609894907
0.8121784703794952
-0.8082632636755623
-0.19014289511671667
-0.7060460957386716
-0.5840412523113162
0.6804444902545953
-0.6790164749996315
19.112963640490584
-0.49232182449857204
0.9979133322321418
-0.02164161298127189
-1.1096849764075551
-1.0831590412212322
1.1512470253758638
0.31371815527765623
-0.201260084379402
-0.9484188679821262
-4.266508467809949
0.5495649766248492
0.2123282514981344
-1.827745364275093
-2.5002268986326857
0.5341130477662138
0.6665687032673588
-2.022974782670343
-0.7074045707106722
4.5767317600923585
-0.9464899685034818
-1.03704753369441
0.6304251756008015
0.2346229878836343
-0.07179039110710253
-17.301162056871632
0.1521277044538519
-0.22283210192305355
0.20463972153743878
0.7453307825491553
0.08496860074354178
-5.513936868600927
-0.4465729268067812
0.9493042229860433
0.5377399672101304
1.7438237216888222
-2.005823586734258
-0.7315708332758856
1.2259060867736373
-2.312325628563869
-0.6378583330511485
3.1098361993324573
1.0852370654556636
1.3916626621831956
-1.3943496772261554
-0.1597419071559609
-0.3198012535254689
1.691586396502338
-1.2789817925301195
-3.747090105300204
-1.1035328016759607
-0.21092789327472955
6.652555194842559
0.3146540441210185
0.06514984718797553
52.37322210383136
-0.09782460387299761
0.03037230440162483
0.17451263141918125
0.21714256934728626
-0.1793785216835563
0.31740152820359335
0.6152064036316711
38.21042581187465
1.0996047410443752
0.1489524576663156
-1.0326109724530108
-0.07189227831478621
-0.5068401989924769
-0.43299381963188904
-0.7603617426234249
-2.753882021780874
-1.046606312394898
-0.05850780544129408
4.958304291655198
-0.442701567039002
-0.255110544096435
0.7394723963150184
2.131990074499032
-2.8391213420086725
0.4334459956017848
0.17640818034122419
-0.07791364172655292
-1.0387705847816604
-0.22743845750805725
0.44502090873836714
-1.1723745954870937
-1.569895214049788
-2.223274521821537
-0.33964113902973475
-0.3043172155606957
-1.8189917303244008
-5.712751877382473
0.3797298447289731
-0.31790447746422673
0.48389125966804164
-0.23044960251570615
-0.8647952877626167
3.1820440091727713
1.8122964634901784
0.44661664342984275
3.6895744576123803
0.8401552236644373
-11.123612111620638
-1.397228127416398
1.5985605286411324
-0.8567842760106791
-1.370048359666594
-7.951982649222601
-0.9426332506323682
29.550060384851474
-1.1961694847665334
37.27902943859538
-3.3042566041198946
-3.215573094553943
-0.48644818106410215
-0.3907586842483423
-0.31678051986767636
3.573836658465363
0.4584645530664783
1.9439919948902316
-1.2582340292093486
1.0482053296970895
1.904362438549653
1.1024575491681485
0.8096233212535426
3.337850078843342
-0.6961434585240404
-1.337483967237495
-1.0843432223160259
-0.6100113200190327
-0.2674340840584053
-0.3049250356702216
-0.7108482838156526
-0.7950964801593876
-2.2963778899997944
-0.8035851624418209
-2.849515389996507
-1.356943693213234
2.349880946983999
2.102387571798853
-2.892106882808857
0.6516093185110303
0.29578871623977476
0.04387648347321202
-0.8640069850328769
-0.4938126404850015
-0.3348632018267462
-0.6421107855505165
-0.17954651741186656
-1.675866069016841E-4
-0.7203587847685248
-3.5211850777742995
-1.2524598833219391
-1.616465763131686
-0.7315679777953787
6.30019983281392
-0.2641821720947087
-1.1805365632912799
-4.292916921345813
-0.5277962257074443
-0.07224358388139081
-0.3555869414543661
-0.12909281002909465
2.718588410594992
-0.3001510720460086
-3.4514918144785365
0.013449866383444965
-1.63589437133385
-0.2092904197223974
0.12728759573737125
-0.8138519825985027
0.9761745259834141
8.088249300443747
-1.00637851975711
0.6163014313461604
-0.5693539536246597
14.45681664580973
-0.25746971012296693
1.0541141321844372
-6.10174661507865
-0.33961147458615987
-0.12653719878880182
0.38178353241804047
-4.448963577644066
0.03463776325218509
-1.0107782675761652
-0.6176141202149402
-0.9960897150250935
-0.6388957892183947
-0.4132523207550969
0.039160383669858356
0.19516542659057098
1.7689198697987807
1.0445974009821786
0.9828518218710405
-0.5205070353380945
-0.45641972108958523
4.931594968220496
1.203758480647775
0.24384271917740347
-0.8730708932898722
0.1668691451274246
-1.223316695709804
1.6023333850244261
-0.05411693597518296
1.8521604771559481
-0.2670111318867232
0.5656197084699596
-2.7243949355335753
5.522934669029161
0.6764726614422605
0.4594118629687578
-1.8960016075903485
-0.6330745799112292
1.0479385222244721
-0.4659010522035033
2.148582266643809
0.2915980677261533
-0.46647548407493433
-0.06103274904695276
-0.13358966257230745
-4.1102606106189175
0.013402483166887847
-0.5203027851752081
-0.3257789761276641
0.27899858189487103
-0.8939448942323638
-0.5363245527204842
1.8155401454090156
0.8859570292677309
1.5919214428388075
0.2156999459238031
-0.24992189036495893
-4.653903990525694E-4
0.26554090362383986
-0.14230104077782288
-0.031105686880735263
1.3646701831185406
0.8920575271034136
-0.6918182356286602
-5.765431479430352
-1.528388421608553
0.40374636387548807
3.3688311811632206
-0.18626023592935798
-70.28696766718556
57.619933206259965
-3.5758571756388635
0.22900901907758223
-1.3336609057570854
-0.5333572580892006
0.8423254540784495
-0.5076234967987429
0.8744432277276992
-0.1965049124592693
0.41479350101895274
-0.27524097505312395
-0.1912306620894123
-1.1280977153154836
-1.2000674436308463
0.4272738295071469
0.45030571488360654
0.17762898136235966
-0.24950552311576182
0.2583204831833638
-0.40033521671714395
0.4189190795102617
0.13402164658014354
1.686028024868055
10.42586097019597
-4.678849610473947
-0.8346496350587669
-5.38550013550554
-5.426781329221513
-0.1917616265127535
-0.6637519010668491
1.5875725902041677
-0.049261351554609506
0.2435289889764559
25.474779406513427
6.221128149645806
-0.2410570482845573
0.027810403226921684
-0.6031951216616264
3.776066732352415
0.08338452706592059
0.03452939671730731
-0.78438637784239
0.07474872957446546
-0.807710329911672
-0.036960897207356284
-5.96687050648957
1.138771577550253
-0.1110617098660631
-1.912986661006508
-0.6283361109430698
-0.3633807499217116
0.17539850484335778
0.5875695330241435
0.8607203291690839
-166.96410843849142
1.0661353426149063
1.229354578397122
1.7298486387232583
0.6756519634963418
1.3631292793807344
3.4145354193095474
-6.470506373183126
0.089118485170565
2.5787465871456727
0.19742982223015332
1.0748425551357814
-0.5671369691217427
-0.7020549108257417
1.2483278622155147
3.35437536340689
3.2068162477657944
-0.9370446105412221
1.2873743527043653
0.32719068561698694
-0.3012328875656241
0.26864657904547623
-5.284175514666343
-1.0453508737573307
0.265639610348583
0.3246104931870863
-0.0297483021720673
1.0745343011217015
-0.6757313089580175
0.7521256961687272
-0.13603402424036143
0.5023097857406085
0.33481930471928883
-1.4206846045347008
3.2573001300519544
-6.113753932116772
0.644510171321954
-0.21291361730663755
-2.171567250433538
-0.10284389530683438
0.7074168341932053
4.078456915937828
-10.44890883529926
9.944599273143798
-0.33814932479684284
-2.520331747344873
-0.9386758683120072
0.21683963449218815
-0.09864846845630056
0.36269935157184646
-1.954007991166299
3.273800408899425
0.8813440703763342
4.776619431326319
-0.6182337670871343
1.2724768362072159
2.5007895541897645
0.32452927089523326
-0.6637884869821976
0.49706644093214053
-1.2403722630801015
8.303747761912382
-0.13804251428961867
-0.24355265824131503
-0.2199386933327301
0.3625999702539229
-0.4924673640027475
-0.9408283024306906
-0.010836189831982673
-0.7568096739106681
1.2162379643314216
1.1532654362649137
1.102747056661362
-14.961996962827298
-0.1790051158734482
10.907270716785023
-0.6326808667517988
-0.07660292724332596
-0.567343219931125
1.2004258267244303
-0.48944915059190736
-3.9309661681215933
4.194061129277541
2.1133207959997917
-1.429465232149939
-0.2114881194255001
0.035183640154872006
1.3159790724724614
2.9271988972807983
-2.6595021044134146
-2.0731652773165776
13.383626074647875
-0.3775994674389647
7.863084754336635
-3.570550764362215
0.9780359835286992
-19.701385990524184
0.23761474873966126
-0.9609435032527047
1.010160232156535
-0.9104092157295449
-0.1493290349912739
1.2596896318996789
1.4388021301575353
3.8473649595788735
-0.9639444169097128
1.48080616213374
1.5294602817980705
-0.24101862702534554
-4.151749432786306
98.61187159469227
-0.12244162693724898
0.023105108762006377
-1.1076567019673915
0.0917912458858145
-2.3533745297710724
-1.6496200529674951
-0.020820326808866824
1.01805974057347
4.4222253435503465
0.5055432988484596
1.3852163019263448
-1.0651666165369136
-0.3868225467102022
-0.025724841743047608
0.6726016621344896
0.09042539704085766
-1.5684930654484732
-1.9397505598414722
-0.04909059466516096
-3.1277126440439686
0.7839373642170437
1.4775209771205997
-0.1625728228420222
0.7916155468978336
-0.14615540964016102
6.478241971707908
-0.06825474298545937
-7.610724572201928
0.6785625958517403
0.35778417721998007
-0.011400017453918231
-0.04358648007637146
2.9261219088587813
-0.4757521652206523
28.260091451851263
3.1727314336602768
0.3148880863791914
0.9531662537803997
1.1858449222864387
0.12550319943855523
0.5922691369683362
1.9662044881424938
-0.4449823100960859
-1.0807845246728853
113.34111243927576
-0.1461614323871773
0.1353273377055454
0.10333359458545212
0.28863306187016224
3.503428233919046
-1.3973087300466875
1.3100748889575689
-0.47739809350788026
-0.35905645474521786
0.2256464254419312
-40.486579752472345
-0.1373376184268591
-5.456472718271688
1.80162305240479
-0.6177099768266908
-0.45105575967980477
5.73856658317294
-2.6819271465237198
0.7954209383403364
2.0616621912315267
-0.242555896864268
1.4768147073742028
0.45992462932466505
3.624992676818492
0.6951033321180817
-1.0418830648576773
3.450264691148607
1.3736849811015988
-2.5836085545086447
-0.3594739591224678
-0.3099187645017213
0.37113767310759843
-0.5348564908795046
-0.08655595328650793
-0.2980461825897706
-6.386741146196204
-0.6138696306653476
1.5062916850504036
0.267642830868976
-0.5600048153884283
-8.119751955919336
-0.779564559119998
1.0736644695807231
3.3246113946905957
-0.9674387120126334
0.635445205753372
0.11206597894485819
1.4816583892279604
0.2685778962060377
0.2531463669620827
-0.22262990618295544
0.5693889309689874
-0.39313909998957064
-0.5607201922709378
-1.8956121442660114
22.20483579689066
-7.776579392884252
0.863793546191707
1.0489612909635968
-0.02740437177223296
-0.8369833506019186
1.2957373987945047
-1.0889964358355457
4.840987617645102
-0.2544315927986949
-0.5346211811013115
-0.7704188813388345
0.08246905261705903
18.929676826594275
-0.061100047743140776
-0.45426122314698164
-1.7892056156916052
0.2756871908815595
-0.39426508830698687
0.17643355699621446
-1.5576423609916688
-0.6577355204980317
-1.0519709792604959
0.47186399510963256
0.4378195457941807
0.037950246612790374
2.548601059852364
0.4913346693361053
-1.0383142225436734
2.596002035868695
-0.3098936885446576
-14.17411832343459
-0.32086870518044425
0.45237629469226853
-0.5884112089198302
-4.189200788915005
1.8147552487179148
0.2535662569800393
-0.6956455420990442
0.7527049509532349
-0.300901722285328
0.1842898988869782
1.255342496705053
-0.5515600639808519
1.2411820639425966
0.22076560370903203
2.2953572714754276
1.1869191053173689
0.5921926216520592
1.7675661140553856
-1.2495623970037943
0.1415536027580975
0.9308533994742764
2.3402702133163857
0.1942777809777479
3.726968899093975
-0.8798740709861104
1.2061412056101386
-0.023726957937186616
22.812118120820084
1.7314884092131098
-0.6059197166051226
1.40019297323724
0.9866661509507738
-17.0203998675997
-3.039055331187607
-0.38109931478359943
15.043462984719321
-0.2531092729830341
-0.26618803894827103
0.25563649701162844
-1.6386465188182349
-0.8445637637661556
0.12799609699211928
-0.47368272209609014
-1.2083930617679146
2.0634923299293173
2.1525590091774753
-0.15684218029015495
-5.804666490467324
-0.3630021793635786
-4.3576440748061165
-0.3031743483823232
-0.7140247644817393
-0.7406432438778275
0.43726813548480387
-3.906408789005733
-0.16144578519287012
-0.18045923194149438
0.4312912769159225
1.8282389793411167
0.31742818299252235
-0.7011948677583577
0.4267879930535891
-0.4425828266431824
-0.8093196119572306
-0.2805008237211191
-1.6142069224732831
1.0504309581974456
-3.6296829229686227
-0.06143319888162224
-1.252760246770816
0.47581303465621827
0.32909031128875804
0.351116886732808
-0.012412265761289938
0.9428243671884297
0.8466940411847251
-0.9565237016834385
-1.6121754571802713
-2.298147633971049
0.24768550463117728
-1.5373771356602568
0.41125012480180445
1.6795704616901217
0.5088428656727324
0.5943302286071224
1.3277507690784673
-0.02027969761961858
1.26117748741999
2.734927849446794
-1.0187256190213534
0.008220437131170108
-2.046664434574865
-0.2911595992242818
-2.150807760015129
-0.047434160159475845
0.8667779442878979
-0.7191387112003138
-0.38143723637436505
-1.0814263600514389
-0.4413801969841506
3.798453800888823
-1.349001912342592
166.5821841086503
-1.2210304235304632
-0.14659933682976192
-0.09466530249134084
19.571080194133025
0.6060451782296956
0.8831297034194513
-0.5151948231940632
0.9042026341084795
-66.47731419783665
0.4289501818298093
1.2194164496647573
-11.956238488612264
19.055059759915185
0.278488104660928
0.14405465340044613
-0.011981832007690235
0.4197569099485584
4.585832023873509
-1.3299254843142911
-0.694883328198823
-0.2873896883241206
-0.21061075120653558
2.154378618480224
0.28220027513844176
-0.1589006947640577
23.33278041607615
3.1124193612098994
-1.3411369159960769
98.77193611733342
0.15414476189855314
-0.49342311209393624
-1.420469787198471
9.175760379510185
-0.07556312498283632
-0.9378222621626663
-3.0387275429482212
0.13093923575016103
0.8643879466873164
-9.08394495152698
2.0508230411318307
0.9040618258513117
-0.5281406742236822
-0.020702980530001868
9.528389303633388
-0.9760189362288217
-1.2038432935894825
0.3713132759647068
-13.426833788186013
-1.7112718226029318
1.5348054258296049
-0.24928366740502134
0.5847259910162137
0.011292566580643388
0.23880522600231702
-24.383936653678184
-0.22738609932491496
1.7207256446731367
0.38171093596141
1.9130081867732518
-140.20105201388628
-0.634663881378352
-2.7654377082239554
0.5177549528488871
-0.5491304990260484
-0.11551981938011015
-30.391865802110452
-28.121069367792078
-0.4962422717870143
-2.8101444577544306
-2.9234252830245953
0.18748396295918088
0.498476685533747
-0.9039846322445282
-0.022548961714718915
-21.42587925409496
0.36270363617045237
-0.32367178634441873
0.6807019134643111
-14.075195180723876
-0.5589649523424776
0.6411065334812215
-0.08054632735548467
0.9627749173074343
0.04271513069397432
0.08664741269476015
0.5532801913005778
0.449663070746139
-0.11452219005902037
-0.5249694629437867
-0.20575818665418413
0.7208012756809251
-0.050558155786586956
-6.570299478598238
0.6278965540088344
-1.0910099679797622
0.407934694582815
-0.06439096354563144
0.0528544121487945
-3.490827584696909
1.6568545735104816
4.816814966935724
-2.1836960624163653
0.3293581215011762
