-0.086370932305332
-0.07795596064071912
-0.010203981478233254
-0.011162498971657423
0.016505383686386366
-0.018678557493853554
0.012607965947558418
0.49469766281750555
0.5180725385242004
-0.02846181897661961
0.14382268177293667
0.06885305397485672
-0.16631858770451816
0.12961334509749084
0.09967242749528779
0.08536731977730437
0.17080393182971648
0.07016277485169897
0.09226294481352358
0.14574223806733838
0.08266542744800327
0.06220525485235177
-0.011443874186136061
0.1060129193019517
0.06885704727738948
0.05416272853063902
0.04218048658723581
-0.03649318881906073
-0.04736114743627763
-0.05154906058804731
-0.03659499800198794
-0.05029362769747594
-0.08039923974523691
-0.0897907846112659
0.012196280300886183
0.08931109476867614
-0.06256588185208459
-0.06552278043499055
-0.08535944147146862
-0.0847803402224422
-0.10706733096649663
-0.10458823604729531
-0.025648555605977733
-0.06337945700080923
-0.05885657985626143
-0.08934008954913635
-0.028363934023013435
-0.07297877515336723
-0.010930325299652857
-0.03941481709146734
-0.03497635723234171
-0.04505939918452997
-0.05026329265230999
-0.057425994907857464
-0.06469139676627139
-0.05332043328061495
0.018963361700001173
0.10972342320788264
0.0212261451169719
-0.031306427913437664
0.04899998727489137
0.03234287256850552
0.10431864528836564
0.06906711108713874
-0.031306035250098965
0.04899669571060439
0.09361072099309255
0.06117123649554212
0.10256964584735881
-0.08746007015774147
-0.1031071175679962
0.029455360081400015
0.1306782059089939
-0.022032646771537857
0.06305175665266669
0.06555370550441088
0.04870287914306491
-0.04382903592239622
0.019807431001551423
0.07317904814520737
0.07165171605269698
0.09899295404827227
0.0840721888616636
0.06259366569921132
-0.08770950964775391
-0.048124882830078784
-0.08376031309469972
0.08321719830725459
0.060358189555071266
-0.09851717249810008
-0.06003761690037884
0.07303093200589093
-0.10037973516764834
-0.12205489241697277
-0.1230514432063538
-0.12339025188427302
-0.12820588664556024
-0.13906809083151797
-0.13434508757275046
-0.03065338594824837
-0.1384661263948792
-0.11566631942886411
-0.09922610352813879
-0.0965931450023222
-0.09797323432689714
-0.14077584243821245
-0.013276412282105484
-0.05164161567586533
-0.053744438308143995
0.014030744102208614
-0.020570512876838996
-0.016879082015497877
-0.040157061213777746
-0.15374811470694794
-0.1249872621146703
-0.014602104225167497
0.07247989238106678
0.14783666199914808
-0.043180148075181383
-0.11156053649079346
-0.02713953615635736
-0.08719930198633659
-0.06734209233824182
-0.04890031188835292
0.03513704432150668
0.04559646984623089
-0.02116994725679562
-0.026775640980244268
-0.04615921443411604
-0.14291866008567067
-0.03657472918763425
-0.020036942484389836
-0.021386252288024144
0.0990346002245348
-0.104661729887223
-0.08153798012835209
-0.021039749302434484
-0.01497190368360631
-0.0698355622506535
0.01655435300182078
-0.017666807437385725
-0.0404222986410357
-0.054929801420254575
-0.03336030214288787
0.05774139876002908
0.024870254597351156
0.10172298724565276
-0.03201852858734573
-0.09054845549400448
-0.01738639117427656
0.025832317211140335
-0.04894757710139046
-0.04324183498702049
-0.08295971290316505
0.043344033161547335
0.039383706700264656
0.03634121012737948
0.06735759819463365
-0.03980277382751623
0.03391854458550977
0.030942267189528347
0.015047211084102457
0.044772863826761156
0.09914526952931181
0.11793194195014667
0.05535010593598934
0.062250188454020514
0.026953597701844353
-0.050633375925709774
-0.04002837193296113
-0.021044903363732066
-0.021420808322715867
0.030112807022097295
-0.06912405296308402
-0.11966870782497661
-0.043238714950632494
-0.09583663209833167
-0.018029001711866912
-0.087300309477123
-0.04272713508589281
-0.06485826348174828
0.04327640617821321
-0.02545246701270725
-0.031058787978787333
-0.03774256448679563
0.035672570269916624
0.033972832985580986
-0.021268695153233833
0.05657348266482332
-0.05661962388029811
-0.058728658471103486
-0.07578550306337507
0.09696724612337812
0.08534448113474569
-0.025207292490867013
-0.010238853416498968
0.022031206527339482
0.012637661825014
-0.09288630273868864
-0.023373639118036332
-0.08852937242483515
-0.06981944567771672
-0.08486938246271875
-0.11222579366851691
-0.07179908754595146
-0.10805609119048533
-0.09310219610433504
-0.10628625650621104
-0.08170096443104952
-0.05935171391346135
-0.14844931823949717
-0.12556993897868124
-0.06917091366478209
-0.052304269180584305
-0.08608270378722888
-0.07377728063006095
-0.11718219554628882
-0.10828926490025709
-0.08678308416369386
-0.08328319655937484
-0.046236293680732815
-0.1140339571414293
-0.07967711054379224
-0.1289593208721714
-0.09572972509001398
-0.12492489501975493
-0.09773651832394382
-0.14240848111875937
-0.09309918142021008
-0.11918286099158674
-0.10441407403443723
-0.08434201427324381
-0.10755105536479918
-0.10141226003355322
-0.09977054233644082
-0.0741319869758583
-0.05609350891758895
-0.04029414265795967
-0.15053560965234394
-0.11013965112000501
-0.113752422042684
-0.08756416536101339
-0.10334080799284037
-0.0697484844405286
-0.12321849087075701
-0.08845604148498555
-0.07755866631467236
-0.10716031482812413
-0.10134895441874994
-0.11186860319178948
-0.0826303319277739
-0.123959039685445
-0.051316137243563854
-0.022376777611315048
-0.1085469308910001
-0.10400092049878082
-0.026082650480680477
-0.1112725751588717
-0.08371150321451976
-0.03582560506047056
-0.10067854686101552
-0.13053563779212837
-0.12855841035775725
-0.09815780417179865
-0.12697731562368927
-0.032006691029811844
-0.05910517188264054
-0.08604780064464795
-0.10343525284254444
0.20485653291873895
-0.020529736409519505
0.17860449877306603
-0.04345445560718596
0.20840296566957642
0.0331434782519306
-0.021207403668798596
0.08285429433359522
0.07488755554198279
0.017991234149619725
0.11778369266764437
-0.017991234149626036
0.10505385175815023
0.0292963925656311
0.06762177817758701
-0.029296392565637177
0.04990473624774621
-0.012750011853180641
0.13239316206196897
0.018187015472946745
0.09296795795095945
-0.1113076237293988
-0.060561394797191484
0.12619852457437275
-0.08111174520915274
-0.046086931840208185
0.10418927127535095
-0.03730656520513178
0.14354097020188344
-0.05406289545584668
0.05891273103755324
-0.04350055168086427
0.09201071021679927
0.07939161321993457
0.14177893872259417
0.5834022251200576
-0.04910459266490325
0.07450999846997534
0.040409561470489054
0.766520119529006
0.04939452243669894
0.6822396758823991
0.846535063963108
-0.03441131756007285
0.14058743879642724
0.10517327138341948
0.5947029064423367
-0.10139297832706336
0.22343905314425183
0.16304628909905372
-0.1002949114467342
0.24839346716018296
-0.15039628848052422
-0.11517170973203915
-0.030917656317664813
-0.04980130281029956
0.03259054892054197
0.019416342511044134
0.023110202125898337
-0.013875475149715988
-0.02678480776133014
-0.04500841316373449
-0.05901662877601522
-0.028305925895859573
-0.027919505971474724
0.017567371751968326
0.02670917095850157
0.03486711187974105
0.026516440906363264
0.01606802128740624
0.026195735318564846
0.20571193944089308
0.25977615052359154
0.19715231093540322
0.235146048390806
0.23728950665212564
0.23333467213097386
0.21774112339746732
0.2373937865277633
0.2142548550016882
0.1983221664392876
0.20966072300147118
0.18159860009267595
0.12243795353058948
0.16088311359286792
0.11859408905064098
0.13320778081664564
0.12151843915967046
0.13011785319191915
0.14057310108375837
0.17370539114729772
0.13247599266200846
0.13506580998519474
0.1818013905457525
0.14669837923410595
-0.07550477105167712
-0.08650068680922122
-0.07820318104295303
-0.021003025348166567
-0.026732858759294615
-0.04018417057517344
0.07222871226395441
0.02979935119302465
-0.015481683674936794
0.10867960545610582
0.08253055154313055
0.08364172476706842
0.033602851072100925
0.04923724203399708
0.04867708116472159
